46138268
52202164
52202201
52470739
52494363
52494887
52544821
52545320
52545684
52560538
52561756
52562005
52562005
52571988
52617122
52636965
52666191
52667561
52689066
52689534
52711224
52720700
52721021
52721174
52721486
52721547
52730821
52742499
52743140
52750953
52751212
52751360
52751646
52761324
52772212
52773279
52781544
52804835
52805334
52823218
52823270
52823292
52823401
52824003
52834195
52834242
52834412
52834500
52834576
52854337
52872528
52919703
52939673
52967222
52967812
52984337
52984555
52985258
52985581
52985884
52998382
52999775
53008490
53013585
53026335
53036655
53048781
53068188
53068853
53068978
53069459
53069940
53070003
53078563
53078606
53079303
53079925
53091484
53091822
53092045
53101085
53112621
53113298
53122443
53123779
53123854
53130249
53130685
53130745
53141894
53142042
53148232
53148328
53148841
53149161
53163000
53163564
53174602
53174641
53174723
53175016
53175263
53188734
53212502
53212541
53212656
53214055
53232668
53233068
53233360
53233706
53257454
53276596
53277214
53277559
53290434
53291224
53291743
53291900
53303483
53303496
53303553
53310307
53310313
53310990
53311118
53311837
53322793
53322859
53323869
53323998
53332610
53333119
53333746
53340250
53341612
53341686
53348185
53349040
53349342
53349398
53349714
53349960
53350080
53358359
53359061
53359085
53359320
53359375
53368237
53368298
53368359
53368593
53369790
53374998
53375522
53375573
53385967
53394238
53394407
53406224
53406864
53406881
53407027
53407304
53407405
53407973
53419010
53419253
53430752
53436134
53436723
53437009
53437175
53437978
53438047
53450641
53450735
53450782
53451704
53452099
53463053
53463118
53463121
53463238
53463268
53463593
53476983
53477051
53477569
53486255
53487306
53487505
53487654
53487980
53498112
53498168
53498457
53498537
53498899
53498913
53499402
53499847
53499881
53516114
53516660
53516812
53517176
53517237
53517443
53517503
53532478
53533101
53533851
53534016
53550178
53550800
53550858
53568557
53569256
53569555
53569611
53569724
53596360
53597204
53597473
53597714
53598077
53629227
53629680
53674468
53675004
53675613
53675746
53713488
53713546
53713972
53714063
53758142
53758936
53758942
53759616
53812627
53812779
53813235
53813650
53876123
53876364
53876948
53877194
53939496
53939780
53940069
53990214
53990243
53990737
53990872
53991355
53991444
54062127
54062151
54062787
54063027
54063202
54153036
54153353
54222181
54222388
54223970
54224042
54270466
54270821
54271028
54271471
54271828
54272017
54272077
54346265
54346930
54346963
54347189
54347287
54347578
54430150
54430164
54430275
54431797
54431993
54488534
54488813
54488999
54489379
54489428
54489488
54489810
54550900
54551972
54637585
54696151
54696934
54697243
54697469
54698057
54750209
54750709
54750756
54920365
54920379
54920549
54920817
54921201
54921441
