48985530
50143074
50457828
51475796
51557055
51623541
52022701
52037878
52067494
52140057
52186909
52202276
52268740
52268879
52269036
52281253
52294605
52294627
52294640
52294824
52331341
52358936
52391988
52410422
52423653
52438032
52449490
52459358
52459383
52495859
52506809
52507889
52522380
52523568
52533400
52561658
52570657
52570945
52590349
52592073
52637327
52688391
52688462
52689462
52701684
52711560
52711610
52721454
52721469
52721694
52722029
52730257
52731643
52731833
52731914
52742926
52743506
52750195
52751638
52751693
52760957
52761000
52761042
52761090
52761404
52761626
52761749
52761799
52772188
52781732
52781917
52792720
52812966
52813333
52813456
52813506
52813664
52813797
52823689
52835497
52854791
52854819
52855475
52855624
52856083
52872277
52872322
52873126
52894154
52894156
52894610
52894671
52895246
52895420
52896030
52918201
52918952
52918992
52919013
52919461
52919797
52919850
52938174
52938922
52939695
52966113
52966446
52967412
52968053
52984411
52984413
52984502
52984621
52985369
52998617
52999741
52999823
52999828
53008139
53008831
53009480
53009790
53013161
53018734
53019243
53019305
53019394
53019453
53019673
53026279
53027990
53036284
53036291
53036645
53036799
53037113
53037317
53037628
53037639
53049190
53050016
53056479
53056608
53056638
53056934
53056973
53057057
53057067
53057356
53057625
53057689
53057731
53057961
53057973
53068148
53068207
53068882
53069672
53078527
53078726
53079750
53079834
53090115
53092061
53100160
53100161
53100515
53101130
53101263
53101868
53112126
53112245
53112354
53112362
53112929
53113132
53113144
53113978
53114088
53122220
53122295
53122316
53123069
53123314
53123389
53123985
53130584
53131305
53140666
53141491
53141586
53141615
53141616
53141640
53141904
53148640
53149254
53162942
53163133
53163196
53174114
53174753
53175180
53175309
53188487
53188645
53189529
53189742
53212911
53213405
53232317
53232594
53232604
53232896
53234068
53256131
53256175
53256444
53256481
53276465
53276971
53276986
53277228
53277535
53277747
53277753
53290714
53290823
53291172
53291226
53291295
53302587
53302739
53303458
53303584
53310383
53310623
53311043
53311155
53311827
53322269
53322924
53332179
53332256
53333440
53333848
53340506
53341444
53341563
53341581
53341841
53342103
53348355
53349256
53349363
53350005
53359106
53359254
53359354
53359461
53359960
53374730
53374892
53384224
53384670
53385337
53385708
53386010
53386088
53395028
53395454
53396070
53406600
53406984
53407136
53407273
53407536
53407558
53407776
53418221
53418545
53418870
53419024
53419701
53436701
53437195
53437203
53438090
53450660
53450870
53450905
53451044
53451223
53462322
53462536
53462563
53463396
53463683
53463868
53476188
53476244
53476276
53476731
53476871
53486947
53487192
53487647
53498127
53498634
53499356
53499403
53499425
53499943
53516764
53516937
53532587
53532756
53532869
53532923
53532928
53533103
53533580
53534030
53550157
53550555
53550664
53551555
53551604
53568241
53569303
53596315
53596480
53597549
53598091
53628863
53629155
53629834
53674691
53675311
53713299
53713648
53713748
53758264
53758459
53759500
53877742
53877988
53878046
53938573
53938612
53938714
53939339
53939940
